Spring yyyy Academic Calendar

--------------------+--------------------+--------------------
January             |February            |March               
 S  M  T  W  T  F  S| S  M  T  W  T  F  S| S  M  T  W  T  F  S
       1  2  3  4  5|                1  2|                1  2
 6  7  8  9 10 11 12| 3  4  5  6  7  8  9| 3  4  5  6  7  8  9
13 14 15 16 17 18 19|10 11 12 13 14 15 16|10 11 12 13 14 15 16
20 21 22 23 24 25 26|17 18 19 20 21 22 23|17 18 19 20 21 22 23
27 28 29 30 31      |24 25 26 27 28      |24 25 26 27 28 29 30
                    |                    |31
--------------------+--------------------+--------------------
April               |May                 |June                
 S  M  T  W  T  F  S| S  M  T  W  T  F  S| S  M  T  W  T  F  S
    1  2  3  4  5  6|          1  2  3  4|                   1
 7  8  9 10 11 12 13| 5  6  7  8  9 10 11| 2  3  4  5  6  7  8
14 15 16 17 18 19 20|12 13 14 15 16 17 18| 9 10 11 12 13 14 15
21 22 23 24 25 26 27|19 20 21 22 23 24 25|16 17 18 19 20 21 22
28 29 30            |26 27 28 29 30 31   |23 24 25 26 27 28 29
                    |                    |30
--------------------+--------------------+--------------------
